x = 0.251107
y = 5.444515
z = -0.122253
roll = 0.073491
pitch = -0.056732
yaw = 1.519923
